Car 0.0 0.00 0.00 409.64 141.18 560.54 291.53 2.479663 2.487329 5.960596 -2.4571189452760605 1.7569975000000009 16.261736625656265 -1.6900026114120816 
Pedestrian 0.0 0.0 0.00 748.03 179.04 809.41 283.69 2.158491 1.219499 0.48 3.5292202434341133 2.035599500000001 16.878745254297577 -1.2343509347639092  
Pedestrian 0.0 0.0 0.00 578.92 179.82 636.2 279.7 2.158491 1.219499 0.48 -0.1040317860705403 2.046606500000001 17.536413594806923 -1.670586050376448  
Car 0.0 1.0 0.00 625.54 190.04 679.87 270.98 1.652033 0.876749 2.453638 0.9428256083512514 1.7720695000000013 17.725669405057012 -1.381876739837737  
Pedestrian 0.0 2.0 0.00 755.81 179.79 813.61 279.59 2.158491 1.219499 0.48 3.7950017411456534 2.045742500000001 17.58094765114638 -1.4156031506907176  
Car 0.0 0.0 0.00 830.22 189.24 922.77 271.48 1.652033 0.876749 2.453638 5.716420673375029 1.7515685000000012 17.436802393855235 -1.7361452072972874  
Pedestrian 0.0 3.0 0.00 761.82 179.67 817.06 273.64 2.158491 1.219499 0.48 4.171657203661771 2.0360385000000014 18.74701556952111 1.9072414570264957  
Car 0.0 3.0 0.00 715.61 188.58 770.7 251.93 1.652033 0.876749 2.453638 3.611962474919345 1.7574815000000013 22.210624710020934 -1.6845166401473355  
Pedestrian 0.0 2.0 0.00 650.15 180.87 694.96 258.61 2.158491 1.219499 0.48 1.7110636317303973 2.0439425000000013 22.4875371059676 -1.3988277615055413  
Car 0.0 0.0 0.00 52.91 138.58 299.27 266.52 2.75476 2.549854 6.902785 -10.747357527021661 1.7552260000000013 20.636121655966434 1.5802542660114538  
DontCare -1 -1 -10 1205.45 163.53 1224 257.63 -1 -1 -1 -1000 -1000 -1000 -10 
Car 0.0 3.0 0.00 453.41 144.43 550.52 234.16 3.26072 2.953721 7.322248 -4.281467080626171 1.786373000000002 32.64804290101364 -1.569154617740593  
Car 0.26 0.0 0.00 0.0 28.51 111.59 96.06 4.151572 3.023805 15.603098 -55.19444295388436 -9.514440999999996 77.48670132493719 1.5961554721341837  
