DontCare -1 -1 -10 0.0 0.0 0.0 0.0 -1 -1 -1 -1000 -1000 -1000 -10 
DontCare -1 -1 -10 0.0 47.67 458.33 370 -1 -1 -1 -1000 -1000 -1000 -10 
Car 0.0 0.0 0.00 596.76 152.94 709.98 261.08 2.479663 2.487329 5.960596 0.8978417182284751 1.7445805000000014 21.315897158608212 -1.6105144355166816  
Car 0.0 2.0 0.00 348.66 117.23 519.24 262.79 3.26072 2.953721 7.322248 -4.415548416416888 1.7425180000000013 21.531164334318625 -1.568328239246359  
Car 0.0 0.0 0.00 1016.38 171.19 1137.03 230.67 2.20667 2.325593 5.145789 18.60256791238676 1.694369000000002 32.276176310084125 -1.4623770321663696  
Pedestrian 0.0 3.0 0.00 663.25 182.64 686.77 222.23 2.158491 1.219499 0.48 3.4764668294835075 2.0299365000000025 44.03264993309414 -0.9608669166885082  
Pedestrian 0.0 3.0 0.00 603.57 182.91 625.86 221.3 2.158491 1.219499 0.48 0.15112641498715473 2.040871500000003 45.1386362662815 -1.6673538925879718  
Pedestrian 0.0 3.0 0.00 676.94 182.77 699.42 220.31 2.158491 1.219499 0.48 4.422157448680108 2.030301500000003 46.294665634981406 1.910473614814972  
Car 0.0 3.0 0.00 402.09 167.11 470.66 216.14 2.75476 2.549854 6.902785 -10.482125003322858 1.7494900000000029 48.27272898466398 1.5834864237999293  
Car 0.5 2.0 0.00 0.0 19.42 83.21 92.0 4.151572 3.023805 15.603098 -55.66021443390772 -9.492904999999995 73.56756197007697 1.6007687438663476  
Car 0.0 3.0 0.00 57.88 76.44 186.35 110.23 1.810099 3.34337 17.696987 -55.172629519773764 -9.362688499999994 90.97871851971419 1.5994045421631111  
Car 0.0 3.0 0.00 165.33 76.59 248.74 119.68 4.151572 3.023805 15.603098 -54.65387146562881 -9.522750999999992 108.43961353122805 1.5991426206022643  
