DontCare -1 -1 -10 0.0 370 484.75 370 -1 -1 -1 -1000 -1000 -1000 -10 
DontCare -1 -1 -10 0.0 170.53 463.55 370 -1 -1 -1 -1000 -1000 -1000 -10 
Car 0.0 2.0 0.00 294.96 145.9 528.73 312.88 2.268569 2.473926 6.114897 -3.044558714826444 1.7373495000000008 13.908261323270688 -1.558374678882113  
Car 0.0 0.0 0.00 591.38 151.79 699.19 259.34 2.479663 2.487329 5.960596 0.8178681240395345 1.7139985000000013 21.390965444691552 -1.5536897788374464  
Car 0.19 0.0 0.00 1040.64 110.15 1224 247.94 3.928401 2.275931 6.902809 17.388456791932565 1.7944655000000016 26.286141957791354 -1.67084343408124  
Car 0.0 2.0 0.00 478.6 149.04 559.21 224.13 3.26072 2.953721 7.322248 -4.28690134142143 1.6991730000000025 38.30489099704288 -1.5617375792848556  
Car 0.0 3.0 0.00 400.46 190.75 461.3 218.32 1.352138 2.023991 5.227882 -9.628667443874427 1.6796590000000027 42.837040631575064 1.5826549838508646  
DontCare -1 -1 -10 555.5 188.43 583.5 205.91 -1 -1 -1 -1000 -1000 -1000 -10 
DontCare -1 -1 -10 669.18 185.41 683.85 202.52 -1 -1 -1 -1000 -1000 -1000 -10 
DontCare -1 -1 -10 646.82 185.44 658.88 201.55 -1 -1 -1 -1000 -1000 -1000 -10 
